"year","rank","player_name","player_country","backhand_score","forehand_score","net_game_score","movement_score","serve_score","overall_score","return_score","pressure_score"
2000,1,"Gustavo Kuerten","BRA",9.2,8.9,8.4,8.4,8.5,9.1,9.1,9.2
2000,2,"Marat Safin","RUS",8.8,9.4,8.2,8.1,8.3,9.1,9,9.3
2000,3,"Pete Sampras","USA",8.2,8.9,9.9,8.6,9.1,9,8.8,9.4
2000,4,"Magnus Norman","SWE",8.3,8.6,8.1,8.3,8.4,8.9,9.3,9.2
2000,5,"Yevgeny Kafelnikov","RUS",8.3,8.5,8,8.3,7.7,8.9,9.3,9.3
2000,6,"Andre Agassi","USA",8.9,9.2,7.9,8.5,8.5,8.9,9.4,9.5
2000,7,"Lleyton Hewitt","AUS",8.6,8.4,8,9.4,8.1,8.8,9.5,9.1
2000,8,"Alex Corretja","ESP",8.3,8.6,8,8.3,8.1,8.8,9.4,9.4
2000,9,"Thomas Enqvist","SWE",8.2,8.6,8,8.3,8.3,8.7,9.1,9.1
2000,10,"Tim Henman","GBR",8,8.2,9.6,8.3,8.3,8.7,9.2,9.1
2001,1,"Lleyton Hewitt","AUS",8.6,8.4,8,9.4,8.1,9.2,9.6,9.3
2001,2,"Gustavo Kuerten","BRA",9.2,8.9,8.4,8.4,8.6,9.1,9.1,9.2
2001,3,"Andre Agassi","USA",8.9,9.2,7.9,8.5,8.6,9,9.4,9.2
2001,4,"Yevgeny Kafelnikov","RUS",8.3,8.6,8,8.3,7.9,8.9,9.3,9.3
2001,5,"Juan Carlos Ferrero","ESP",8.3,8.6,8,8.3,8.2,8.9,9.4,9.1
2001,6,"Sebastien Grosjean","FRA",8.3,8.6,8,8.3,8,8.9,9.4,9.2
2001,7,"Patrick Rafter","AUS",8.2,8.4,10,8.6,8.8,8.9,9.1,9.2
2001,8,"Tommy Haas","GER",8.6,8.7,8.4,8.3,8.3,8.8,9.2,9.2
2001,9,"Tim Henman","GBR",8,8.2,9.6,8.3,8.2,8.7,9.5,9
2001,10,"Pete Sampras","USA",8.2,8.9,9.9,8.6,8.7,8.7,8.7,9.3
2002,1,"Lleyton Hewitt","AUS",8.6,8.4,8,9.4,7.9,9.2,9.6,9.6
2002,2,"Andre Agassi","USA",8.9,9.2,7.9,8.6,8.7,9,9.5,9.2
2002,3,"Marat Safin","RUS",8.8,9.4,8.1,8.1,8.4,8.9,9.1,9.1
2002,4,"Juan Carlos Ferrero","ESP",8.3,8.6,8,8.3,8.1,8.8,9.2,9.2
2002,5,"Carlos Moya","ESP",8.3,8.6,8.1,8.3,8.2,8.8,9.1,9.5
2002,6,"Roger Federer","SUI",9.2,9.7,9.7,9.3,8.5,8.8,9.2,9
2002,7,"Jiri Novak","CZE",8.3,8.6,8,8.4,8.3,8.8,9.6,9.1
2002,8,"Tim Henman","GBR",8,8.2,9.6,8.3,8.1,8.7,9.4,9
2002,9,"Albert Costa","ESP",8.3,8.6,8,8.3,8.2,8.7,9.1,9.1
2002,10,"Andy Roddick","USA",7.6,8.9,8.3,8,8.9,8.7,9.1,9.4
2003,1,"Andy Roddick","USA",7.6,8.9,8.3,8,9.3,9.2,9,9.5
2003,2,"Roger Federer","SUI",9.2,9.7,9.7,9.3,8.7,9.2,9.4,9.3
2003,3,"Juan Carlos Ferrero","ESP",8.3,8.6,8.1,8.3,8.4,9.1,9.4,9.4
2003,4,"Andre Agassi","USA",8.9,9.2,7.9,8.6,8.6,9,9.8,9.4
2003,5,"Guillermo Coria","ARG",8.9,8.4,7.3,9.3,8.4,9,10,9.4
2003,6,"Rainer Schuettler","GER",8.3,8.6,8,8.4,7.9,8.9,9.6,9.5
2003,7,"Carlos Moya","ESP",8.3,8.6,8,8.3,8.2,8.8,9.3,9
2003,8,"David Nalbandian","ARG",9.1,9.1,8.4,8.3,7.7,8.7,9.7,8.9
2003,9,"Mark Philippoussis","AUS",8.2,8.6,8.1,8.3,8.6,8.6,8.8,9.3
2003,10,"Sebastien Grosjean","FRA",8.2,8.6,8,8.3,8.2,8.6,9.1,8.8
2004,1,"Roger Federer","SUI",9.2,9.7,9.7,9.3,9.1,9.6,9.4,9.9
2004,2,"Andy Roddick","USA",7.6,8.9,8.3,8,9.3,9,9,9.5
2004,3,"Lleyton Hewitt","AUS",8.6,8.4,8,9.4,8.2,9,9.5,9.4
2004,4,"Marat Safin","RUS",8.7,9.4,8.2,8.1,8.6,8.9,8.9,9.1
2004,5,"Carlos Moya","ESP",8.3,8.6,8.1,8.3,8.5,8.8,9.1,9.4
2004,6,"Tim Henman","GBR",8,8.2,9.6,8.3,8.3,8.8,9.2,8.9
2004,7,"Guillermo Coria","ARG",8.8,8.4,7.3,9.3,8.1,8.8,9.6,9.6
2004,8,"Andre Agassi","USA",8.9,9.2,7.9,8.5,8.8,8.7,9.3,9
2004,9,"David Nalbandian","ARG",9.1,9.1,8.4,8.3,7.9,8.7,9.6,9.1
2004,10,"Gaston Gaudio","ARG",8.3,8.5,8,8.4,7.7,8.7,9.6,8.8
2005,1,"Roger Federer","SUI",9.2,9.7,9.7,9.4,9,9.7,9.5,9.7
2005,2,"Rafael Nadal","ESP",9.4,9.6,8.6,9.7,8.7,9.3,9.9,9.5
2005,3,"Andy Roddick","USA",7.6,8.9,8.3,8,9.5,8.9,8.9,9.4
2005,4,"Lleyton Hewitt","AUS",8.6,8.4,8.1,9.3,8.5,8.8,9.3,9.7
2005,5,"Nikolay Davydenko","RUS",8.6,8.8,7.2,8.9,8.1,8.8,9.7,9
2005,6,"David Nalbandian","ARG",9.1,9.1,8.4,8.3,7.9,8.8,9.8,8.8
2005,7,"Andre Agassi","USA",8.9,9.2,7.9,8.5,8.5,8.8,9.3,9.5
2005,8,"Guillermo Coria","ARG",8.8,8.3,7.2,9.3,7.7,8.7,9.9,9.2
2005,9,"Ivan Ljubicic","CRO",8.2,8.6,8.1,8.3,9,8.7,8.7,9.2
2005,10,"Gaston Gaudio","ARG",8.3,8.5,8,8.4,7.8,8.7,9.7,9.3
2006,1,"Roger Federer","SUI",9.3,9.7,9.7,9.4,9.1,10,9.6,9.8
2006,2,"Rafael Nadal","ESP",9.3,9.6,8.6,9.6,8.8,9.2,9.4,9.5
2006,3,"Nikolay Davydenko","RUS",8.6,8.8,7.2,8.9,8.4,8.9,9.8,9
2006,4,"James Blake","USA",8.3,8.6,8,8.3,8.1,8.8,9.4,9.2
2006,5,"Ivan Ljubicic","CRO",8.2,8.6,8.1,8.3,8.9,8.8,8.9,9.2
2006,6,"Andy Roddick","USA",7.5,8.9,8.3,8,9.3,8.8,9,9.1
2006,7,"Tommy Robredo","ESP",8.3,8.6,8,8.4,8.3,8.8,9.5,9.1
2006,8,"David Nalbandian","ARG",9.1,9.2,8.4,8.3,8,8.8,9.5,8.9
2006,9,"Mario Ancic","CRO",8.3,8.6,8.1,8.3,8.7,8.7,9,9.6
2006,10,"Fernando Gonzalez","CHI",7.5,9.7,8,8,8.3,8.7,9.1,9.2
2007,1,"Roger Federer","SUI",9.2,9.7,9.7,9.3,9.1,9.8,9.4,9.6
2007,2,"Rafael Nadal","ESP",9.3,9.6,8.6,9.7,8.7,9.5,9.6,9.5
2007,3,"Novak Djokovic","SRB",9.7,9.3,8.5,9.7,8.5,9.2,9.4,9.6
2007,4,"Nikolay Davydenko","RUS",8.6,8.8,7.2,8.9,8,8.9,9.6,9
2007,5,"David Ferrer","ESP",8.6,8.4,7.5,9.5,8.1,8.8,9.9,9.3
2007,6,"Andy Roddick","USA",7.5,8.9,8.3,8,9.4,8.8,8.7,9.6
2007,7,"Fernando Gonzalez","CHI",7.5,9.7,8,8,8.4,8.7,9.1,9.2
2007,8,"Richard Gasquet","FRA",9.6,8.5,7.9,8,8.4,8.7,9.4,8.9
2007,9,"David Nalbandian","ARG",9.1,9.2,8.4,8.2,8,8.6,9.3,9.1
2007,10,"Tommy Robredo","ESP",8.3,8.6,8,8.4,8.3,8.6,9.5,9.1
2008,1,"Rafael Nadal","ESP",9.4,9.6,8.6,9.7,9,9.7,9.7,9.8
2008,2,"Roger Federer","SUI",9.2,9.7,9.7,9.3,9.1,9.4,9.3,9.1
2008,3,"Novak Djokovic","SRB",9.7,9.3,8.5,9.8,8.8,9.4,9.5,9.3
2008,4,"Andy Murray","GBR",9.3,8.9,8.7,9.6,8.2,9,9.5,9.7
2008,5,"Nikolay Davydenko","RUS",8.6,8.8,7.2,8.9,8.4,8.8,9.6,9
2008,6,"Jo-Wilfried Tsonga","FRA",8.1,9.2,9,8.5,8.8,8.7,9,9.5
2008,7,"Gilles Simon","FRA",8.3,8.6,8,8.3,8,8.7,9.1,9.3
2008,8,"Andy Roddick","USA",7.5,8.9,8.3,8,9.5,8.7,8.7,9.2
2008,9,"Juan Martin Del Potro","ARG",8.3,9.7,8.1,7.9,8.4,8.7,9.6,9.8
2008,10,"James Blake","USA",8.3,8.6,8,8.3,8.2,8.6,9.2,9
2009,1,"Roger Federer","SUI",9.2,9.7,9.7,9.3,9.1,9.2,9.2,9.2
2009,2,"Rafael Nadal","ESP",9.4,9.6,8.6,9.7,8.6,9.1,9.8,9.6
2009,3,"Novak Djokovic","SRB",9.7,9.3,8.5,9.8,8.5,9,9.5,9.5
2009,4,"Andy Murray","GBR",9.3,8.9,8.7,9.7,8.5,8.9,9.7,9.4
2009,5,"Juan Martin Del Potro","ARG",8.3,9.7,8.1,7.8,8.5,8.9,9.3,9.5
2009,6,"Nikolay Davydenko","RUS",8.6,8.8,7.3,8.9,8.5,8.7,9.5,9.4
2009,7,"Andy Roddick","USA",7.5,8.9,8.3,8,9.6,8.7,8.8,9.2
2009,8,"Robin Soderling","SWE",8.3,8.6,8.1,8.3,8.7,8.6,9.3,9
2009,9,"Fernando Verdasco","ESP",8.3,8.6,8.1,8.3,8.7,8.6,9.4,8.9
2009,10,"Jo-Wilfried Tsonga","FRA",8,9.2,9,8.5,9.1,8.5,8.8,9.2
2010,1,"Rafael Nadal","ESP",9.3,9.6,8.6,9.7,9.1,9.4,9.5,9.5
2010,2,"Roger Federer","SUI",9.2,9.7,9.7,9.3,9,9.1,9.3,9.4
2010,3,"Novak Djokovic","SRB",9.7,9.3,8.4,9.8,8.2,8.8,9.6,9.2
2010,4,"Andy Murray","GBR",9.3,8.9,8.6,9.7,8.4,8.8,9.5,8.9
2010,5,"Robin Soderling","SWE",8.3,8.6,8.1,8.3,8.6,8.8,9.2,9.2
2010,6,"Tomas Berdych","CZE",8.1,9.2,8.2,7.8,8.7,8.6,9.2,8.9
2010,7,"David Ferrer","ESP",8.6,8.4,7.5,9.5,8.3,8.6,9.5,9.1
2010,8,"Andy Roddick","USA",7.5,8.9,8.3,8,9.5,8.6,8.6,9.2
2010,9,"Fernando Verdasco","ESP",8.3,8.6,8,8.3,8.2,8.6,9.3,9.3
2010,10,"Mikhail Youzhny","RUS",8.3,8.6,8,8.3,8.2,8.5,9.3,9.2
2011,1,"Novak Djokovic","SRB",9.8,9.3,8.5,9.8,8.7,9.5,10,9.5
2011,2,"Rafael Nadal","ESP",9.3,9.6,8.6,9.7,8.6,9.2,9.8,9.4
2011,3,"Roger Federer","SUI",9.2,9.7,9.7,9.3,9.1,9,9.3,9.2
2011,4,"Andy Murray","GBR",9.4,8.9,8.7,9.7,8.2,9,9.9,9.6
2011,5,"David Ferrer","ESP",8.6,8.4,7.5,9.5,8.3,8.7,9.7,9.2
2011,6,"Jo-Wilfried Tsonga","FRA",8.1,9.2,9,8.5,8.8,8.7,9,9.3
2011,7,"Tomas Berdych","CZE",8.2,9.2,8.2,7.8,8.5,8.6,9.4,9.3
2011,8,"Mardy Fish","USA",8.2,8.6,8.1,8.3,8.5,8.6,9.2,9
2011,9,"Janko Tipsarevic","SRB",8.3,8.6,8,8.3,8.4,8.5,9.4,8.9
2011,10,"Nicolas Almagro","ESP",8.2,8.6,8,8.3,8.3,8.5,9,9.1
2012,1,"Novak Djokovic","SRB",9.8,9.3,8.5,9.8,8.8,9.5,9.8,9.6
2012,2,"Roger Federer","SUI",9.2,9.7,9.7,9.3,9.2,9.2,9.2,9.6
2012,3,"Andy Murray","GBR",9.3,8.9,8.7,9.7,8.5,9,9.5,9.3
2012,4,"Rafael Nadal","ESP",9.4,9.6,8.6,9.7,8.9,8.9,10,9.4
2012,5,"David Ferrer","ESP",8.6,8.4,7.6,9.5,8.6,8.9,9.6,9.7
2012,6,"Tomas Berdych","CZE",8.2,9.2,8.2,7.8,8.7,8.7,9.2,9.3
2012,7,"Juan Martin Del Potro","ARG",8.3,9.7,8.1,7.8,8.8,8.7,9.2,9.4
2012,8,"Jo-Wilfried Tsonga","FRA",8,9.2,9,8.5,8.7,8.6,9,9.1
2012,9,"Janko Tipsarevic","SRB",8.3,8.6,8.1,8.3,8.4,8.6,9.1,9.2
2012,10,"Richard Gasquet","FRA",9.6,8.5,8,8,8.5,8.5,9.2,9.1
2013,1,"Rafael Nadal","ESP",9.4,9.6,8.6,9.7,8.9,9.5,9.7,9.9
2013,2,"Novak Djokovic","SRB",9.7,9.3,8.5,9.8,9,9.4,9.6,9.5
2013,3,"David Ferrer","ESP",8.6,8.4,7.5,9.5,8.1,8.8,9.6,9.2
2013,4,"Andy Murray","GBR",9.3,8.9,8.7,9.7,8.5,8.8,9.6,9.8
2013,5,"Juan Martin Del Potro","ARG",8.3,9.7,8.1,7.8,8.7,8.8,9.1,9.3
2013,6,"Roger Federer","SUI",9.2,9.7,9.7,9.3,8.8,8.7,9.2,9.2
2013,7,"Tomas Berdych","CZE",8.2,9.2,8.2,7.8,8.6,8.7,9.2,8.9
2013,8,"Stan Wawrinka","SUI",9.3,9.4,7.9,8,8.5,8.6,9,9.2
2013,9,"Richard Gasquet","FRA",9.6,8.5,7.9,8,8.4,8.6,9.2,9.1
2013,10,"Jo-Wilfried Tsonga","FRA",8.1,9.2,9,8.5,8.8,8.6,9,9.3
2014,1,"Novak Djokovic","SRB",9.7,9.3,8.5,9.8,8.9,9.3,9.7,9.6
2014,2,"Roger Federer","SUI",9.2,9.7,9.7,9.3,9.2,9.2,9.2,9.4
2014,3,"Rafael Nadal","ESP",9.3,9.6,8.6,9.7,8.7,8.9,9.8,9.3
2014,4,"Stan Wawrinka","SUI",9.3,9.4,7.9,8,8.6,8.8,9.1,9
2014,5,"Kei Nishikori","JPN",8.8,8.8,7.9,9,8.3,8.7,9.3,9.7
2014,6,"Andy Murray","GBR",9.3,8.9,8.6,9.7,8.2,8.7,9.6,9.2
2014,7,"Tomas Berdych","CZE",8.1,9.2,8.1,7.8,8.6,8.7,9.2,8.7
2014,8,"Milos Raonic","CAN",7.5,8.6,8.8,7,9.3,8.7,8.7,9.4
2014,9,"Marin Cilic","CRO",8.1,9,8.1,7.8,8.5,8.7,9,9.3
2014,10,"David Ferrer","ESP",8.6,8.4,7.5,9.5,8,8.7,9.6,9.2
2015,1,"Novak Djokovic","SRB",9.8,9.3,8.5,9.8,9.1,9.8,9.7,9.7
2015,2,"Andy Murray","GBR",9.3,8.9,8.7,9.7,8.5,9.1,9.6,9.5
2015,3,"Roger Federer","SUI",9.2,9.7,9.7,9.3,9.3,9,9.3,9.3
2015,4,"Stan Wawrinka","SUI",9.3,9.4,7.9,8,8.6,8.9,8.9,9.3
2015,5,"Rafael Nadal","ESP",9.3,9.6,8.6,9.7,8.5,8.8,9.5,9.1
2015,6,"Tomas Berdych","CZE",8.2,9.2,8.2,7.8,8.5,8.7,9.4,9.4
2015,7,"David Ferrer","ESP",8.6,8.4,7.5,9.5,8.1,8.7,9.7,9.5
2015,8,"Kei Nishikori","JPN",8.8,8.8,7.9,9,8.5,8.7,9.2,9.1
2015,9,"Richard Gasquet","FRA",9.6,8.5,8,8,8.7,8.5,9,9.3
2015,10,"Jo-Wilfried Tsonga","FRA",8,9.2,9,8.5,9,8.5,8.9,9.1
2016,1,"Andy Murray","GBR",9.4,8.9,8.7,9.7,8.5,9.4,9.8,9.6
2016,2,"Novak Djokovic","SRB",9.8,9.3,8.5,9.8,8.7,9.4,9.8,9.8
2016,3,"Milos Raonic","CAN",7.5,8.6,8.8,7,9.3,8.8,8.8,9.4
2016,4,"Stan Wawrinka","SUI",9.4,9.4,7.9,8,8.6,8.8,9,9.2
2016,5,"Kei Nishikori","JPN",8.8,8.8,7.9,9,8.3,8.7,9.4,9.5
2016,6,"Marin Cilic","CRO",8,9,8.1,7.8,8.7,8.6,8.9,8.9
2016,7,"Gael Monfils","FRA",8.4,8.6,7.8,9.7,8.6,8.6,9.5,9
2016,8,"Dominic Thiem","AUT",9,9.5,7.9,8.6,8.4,8.6,9.1,9.4
2016,9,"Rafael Nadal","ESP",9.3,9.6,8.5,9.7,8.4,8.6,9.9,9.1
2016,10,"Tomas Berdych","CZE",8.2,9.2,8.2,7.8,8.5,8.6,9,9.3
2017,1,"Rafael Nadal","ESP",9.3,9.6,8.6,9.7,9.1,9.2,9.6,9.4
2017,2,"Roger Federer","SUI",9.2,9.7,9.7,9.3,9.3,9.2,9.3,9.6
2017,3,"Grigor Dimitrov","BUL",8.3,8.6,8.1,8.3,8.7,8.8,9.1,9.2
2017,4,"Alexander Zverev","GER",8.8,8.7,8.1,8.6,8.6,8.7,9.2,9.3
2017,5,"Dominic Thiem","AUT",8.9,9.5,7.8,8.6,8.3,8.6,9.1,8.8
2017,6,"Marin Cilic","CRO",8,9,8.1,7.8,8.7,8.6,9.1,8.8
2017,7,"David Goffin","BEL",8.3,8.6,8,8.3,8.1,8.6,9.3,9.4
2017,8,"Jack Sock","USA",8.2,8.6,8,8.3,8.2,8.6,8.8,9.3
2017,9,"Stan Wawrinka","SUI",9.4,9.4,7.9,8,8.5,8.6,9,9.5
2017,10,"Roberto Bautista-Agut","ESP",8.3,8.6,8,8.3,8.1,8.5,9.3,9.3
2018,1,"Novak Djokovic","SRB",9.7,9.3,8.5,9.7,8.8,9.1,9.5,9.2
2018,2,"Rafael Nadal","ESP",9.4,9.6,8.6,9.7,8.7,9,9.8,9.5
2018,3,"Roger Federer","SUI",9.2,9.7,9.7,9.3,9.2,8.9,9.1,9.4
2018,4,"Alexander Zverev","GER",8.8,8.7,8.1,8.6,8.5,8.9,9.3,9.2
2018,5,"Juan Martin Del Potro","ARG",8.3,9.7,8.1,7.8,8.9,8.8,9.2,9.3
2018,6,"Kevin Anderson","RSA",8.2,8.6,8.1,8.3,9.3,8.7,8.5,9.3
2018,7,"Marin Cilic","CRO",8,9,8.1,7.8,8.8,8.7,9,8.9
2018,8,"Dominic Thiem","AUT",9,9.5,7.9,8.6,8.5,8.7,9.1,9.3
2018,9,"Kei Nishikori","JPN",8.8,8.8,7.9,9,8.2,8.6,9.2,9.6
2018,10,"John Isner","USA",7,8.5,8.7,6.3,10,8.6,8,9
2019,1,"Rafael Nadal","ESP",9.3,9.6,8.6,9.7,9,9.2,9.8,9.5
2019,2,"Novak Djokovic","SRB",9.7,9.3,8.5,9.8,8.9,9.1,9.7,9.3
2019,3,"Roger Federer","SUI",9.2,9.7,9.7,9.3,9.2,8.9,9.2,9.5
2019,4,"Dominic Thiem","AUT",9,9.5,7.9,8.6,8.6,8.8,9.1,9.4
2019,5,"Daniil Medvedev","RUS",8.7,8.5,8,9.2,8.6,8.8,9.4,9.1
2019,6,"Stefanos Tsitsipas","GRE",8.5,9.2,9,8.6,8.7,8.8,8.8,9.2
2019,7,"Alexander Zverev","GER",8.7,8.7,8,8.6,8.2,8.6,9.1,9
2019,8,"Matteo Berrettini","ITA",8.2,8.6,8.1,8.3,8.8,8.5,8.7,9.2
2019,9,"Roberto Bautista-Agut","ESP",8.2,8.6,8,8.3,8.5,8.5,9,8.8
2019,10,"Gael Monfils","FRA",8.4,8.6,7.7,9.6,8.3,8.5,9.2,9.2
2020,1,"Novak Djokovic","SRB",9.8,9.3,8.5,9.9,8.6,9.8,9.7,10
2020,2,"Rafael Nadal","ESP",9.4,9.6,8.6,9.8,8.8,9.6,9.9,9.5
2020,3,"Dominic Thiem","AUT",9,9.5,7.9,8.7,8.5,9.5,9.3,9.2
2020,4,"Daniil Medvedev","RUS",8.7,8.5,8,9.3,8.8,9.4,9.4,9.2
2020,5,"Roger Federer","SUI",9.2,9.7,9.7,9.4,8.9,9.1,9.1,9.9
2020,6,"Stefanos Tsitsipas","GRE",8.5,9.2,9,8.7,9,9.1,9,8.8
2020,7,"Alexander Zverev","GER",8.8,8.7,8.1,8.7,8.5,9,9.3,9.2
2020,8,"Andrey Rublev","RUS",7.8,9.4,7.1,8.4,8.8,8.8,9.4,9.2
2020,9,"Diego Schwartzman","ARG",8.7,8,7,9.3,7.5,8.7,9.8,9.4
2020,10,"Matteo Berrettini","ITA",8.2,8.6,8.1,8.4,9.2,8.7,8.6,8.5
2021,1,"Novak Djokovic","SRB",9.7,9.3,8.5,9.9,8.9,9.3,9.8,9.3
2021,2,"Daniil Medvedev","RUS",8.7,8.5,8,9.4,8.8,9.1,9.6,9.2
2021,3,"Alexander Zverev","GER",8.8,8.7,8.1,8.7,8.9,9,9.3,9.2
2021,4,"Stefanos Tsitsipas","GRE",8.6,9.2,9,8.7,8.9,8.9,9.2,9.1
2021,5,"Andrey Rublev","RUS",7.8,9.4,7.1,8.4,8.6,8.8,9.3,9.1
2021,6,"Rafael Nadal","ESP",9.3,9.6,8.6,9.8,8.4,8.7,9.8,9.2
2021,7,"Matteo Berrettini","ITA",8.3,8.6,8.1,8.4,9.1,8.7,8.9,9.6
2021,8,"Casper Ruud","NOR",8.5,9,7.8,8.8,8.7,8.7,9.4,9.5
2021,9,"Hubert Hurkacz","POL",8.2,8.7,9,8,8.8,8.6,8.8,8.9
2021,10,"Jannik Sinner","ITA",9,9.6,8.5,9.3,8.2,8.6,9.3,9.2
2022,1,"Carlos Alcaraz","ESP",9.1,9.6,9.4,9.8,8.5,8.9,9.4,9.3
2022,2,"Rafael Nadal","ESP",9.3,9.6,8.6,9.8,8.5,8.8,9.5,9.4
2022,3,"Casper Ruud","NOR",8.5,9,7.8,8.8,8.7,8.8,9,9.3
2022,4,"Stefanos Tsitsipas","GRE",8.6,9.2,9,8.7,8.8,8.8,9,9.4
2022,5,"Novak Djokovic","SRB",9.7,9.3,8.5,9.9,9,8.7,9.5,9.5
2022,6,"Felix Auger Aliassime","CAN",8.2,8.6,8.1,8.4,8.8,8.7,8.9,9.2
2022,7,"Daniil Medvedev","RUS",8.7,8.5,8,9.3,8.7,8.7,9.3,8.8
2022,8,"Andrey Rublev","RUS",7.8,9.4,7.1,8.4,8.6,8.6,9.1,9.4
2022,9,"Taylor Fritz","USA",7.7,9.1,7.6,8,8.7,8.6,9.1,9.1
2022,10,"Hubert Hurkacz","POL",8.2,8.7,9,8,9.2,8.5,8.7,9.1
2023,1,"Novak Djokovic","SRB",9.7,9.3,8.5,9.9,9,9.3,9.5,9.7
2023,2,"Carlos Alcaraz","ESP",9.1,9.6,9.4,9.8,8.6,9.1,9.5,9.4
2023,3,"Daniil Medvedev","RUS",8.7,8.5,8,9.4,8.4,9,9.6,9.3
2023,4,"Jannik Sinner","ITA",9,9.6,8.6,9.3,8.7,8.9,9.4,9.4
2023,5,"Andrey Rublev","RUS",7.7,9.4,7,8.4,8.5,8.7,9.1,9
2023,6,"Stefanos Tsitsipas","GRE",8.5,9.2,9,8.7,9,8.7,8.8,9.1
2023,7,"Alexander Zverev","GER",8.7,8.7,8.1,8.7,8.7,8.6,9,9.2
2023,8,"Holger Rune","DEN",8.2,8.6,8,8.4,8.3,8.6,8.9,9.2
2023,9,"Hubert Hurkacz","POL",8.2,8.7,9,8,9.1,8.6,8.6,9.1
2023,10,"Taylor Fritz","USA",7.8,9.1,7.6,8,8.8,8.6,9.1,9.1
2024,1,"Jannik Sinner","ITA",9,9.6,8.6,9.3,9.1,9.4,9.4,9.6
2024,2,"Alexander Zverev","GER",8.7,8.7,8.1,8.7,9.3,9,9,9.2
2024,3,"Carlos Alcaraz","ESP",9.1,9.6,9.4,9.9,8.7,8.9,9.5,9.3
2024,4,"Taylor Fritz","USA",7.7,9.1,7.6,8,9,8.7,8.9,9.3
2024,5,"Daniil Medvedev","RUS",8.7,8.5,7.9,9.3,8.1,8.7,9.4,9.4
2024,6,"Casper Ruud","NOR",8.5,9,7.8,8.8,8.6,8.7,9.1,9.3
2024,7,"Novak Djokovic","SRB",9.7,9.3,8.5,9.8,8.7,8.6,9.4,9.3
2024,8,"Andrey Rublev","RUS",7.7,9.4,7.1,8.4,8.7,8.6,8.9,9
2024,9,"Alex De Minaur","AUS",8.5,8.3,7.8,9.7,8,8.6,9.6,9.2
2024,10,"Grigor Dimitrov","BUL",8.3,8.6,8.1,8.4,8.8,8.6,9,9.3
2025,1,"Carlos Alcaraz","ESP",9.1,9.6,9.4,9.9,8.8,9.4,9.6,9.5
2025,2,"Jannik Sinner","ITA",9.1,9.6,8.6,9.4,9.2,9.3,9.7,9.6
2025,3,"Alexander Zverev","GER",8.7,8.7,8.1,8.7,9,8.7,9,9
2025,4,"Novak Djokovic","SRB",9.7,9.3,8.5,9.8,9.1,8.7,9.3,9.3
2025,5,"Felix Auger Aliassime","CAN",8.2,8.6,8.1,8.4,8.9,8.7,8.7,9.4
2025,6,"Taylor Fritz","USA",7.7,9.1,7.6,8,9.2,8.7,8.9,9.2
2025,7,"Alex De Minaur","AUS",8.5,8.3,7.8,9.6,8.3,8.7,9.4,9
2025,8,"Lorenzo Musetti","ITA",8.2,8.6,8,8.4,8.5,8.6,9.2,9
2025,9,"Ben Shelton","USA",8.2,8.6,8.1,8.4,8.9,8.6,8.7,9.3
2025,10,"Jack Draper","GBR",8.3,8.6,8.1,8.4,8.8,8.6,9.2,9.4
