"year","rank","player_name","points","overall_score","player_country","serve_score","return_score","pressure_score","forehand_score","backhand_score","volley_score"
2000,1,"Gustavo Kuerten",4195,6.77357032457496,"BRA",7.41038318912237,5.99562363238512,7.07056638811513,5.24370557450465,6.41794046661303,5.05100238452707
2000,2,"Marat Safin",4120,6.71561051004637,"RUS",7.03337453646477,5.84245076586433,7.63695450324977,5.27300682517063,7.49044029280017,4.84390441679548
2000,3,"Pete Sampras",3385,6.14760432766615,"USA",8.4548825710754,4.57330415754923,7.85515320334262,8.16254168036444,6.2181745281668,4.96886428783236
2000,4,"Magnus Norman",3110,5.93508500772798,"SWE",7.12608158220025,6.91466083150985,7.20519962859796,5.01020728643216,5.53116500019155,5.20196415691061
2000,5,"Yevgeny Kafelnikov",2935,5.79984544049459,"RUS",5.96415327564895,7.15536105032823,7.30269266480966,4.72494049193335,5.20182218737164,5.21144278606965
2000,6,"Andre Agassi",2765,5.66846986089645,"USA",7.28059332509271,7.17724288840263,8.31940575673166,7.21714633774935,7.44132358599461,6.16364286352668
2000,7,"Lleyton Hewitt",2625,5.56027820710974,"AUS",6.64400494437577,7.70240700218818,6.78737233054782,5.77204202832344,6.25480751278892,6.80528453140657
2000,8,"Alex Corretja",2475,5.44435857805255,"ESP",6.5636588380717,7.33041575492341,7.82265552460539,4.34673366834171,5.69321533923304,10
2000,9,"Thomas Enqvist",2210,5.23956723338485,"SWE",6.9097651421508,6.11597374179431,6.652739090065,6.47694996722744,7.07964601769912,3.92620232172471
2000,10,"Tim Henman",2020,5.09273570324575,"GBR",6.99629171817058,6.49890590809628,6.76415970287837,5.08429242989139,7.18629453142728,3.5426371328073
2001,1,"Lleyton Hewitt",4365,6.90494590417311,"AUS",6.60692212608158,8.36980306345733,7.3769730733519,8.07370184254606,6.43594605983987,7.40582800284293
2001,2,"Gustavo Kuerten",3855,6.51081916537867,"BRA",7.54635352286774,6.2253829321663,6.96843082636955,6.88315881081385,8.28365160689334,5.21709633649932
2001,3,"Andre Agassi",3520,6.25193199381762,"USA",7.47836835599506,7.60393873085339,7.00557103064067,7.98904594917031,8.83934649421375,6.23473541383989
2001,4,"Yevgeny Kafelnikov",3090,5.91962905718702,"RUS",6.24845488257107,6.93654266958424,7.34911792014856,4.81335247666906,4.24076415226858,3.20579083381678
2001,5,"Juan Carlos Ferrero",3040,5.88098918083462,"ESP",6.76761433868974,7.58205689277899,6.78737233054782,2.38693467336683,7.37673830594185,2.16417910447761
2001,6,"Sebastien Grosjean",2790,5.68778979907264,"FRA",6.48949320148331,7.29759299781182,7.04735376044568,5.6213996813335,5.08665191740413,4.00540963305742
2001,7,"Patrick Rafter",2785,5.6839258114374,"AUS",7.90482076637825,6.05032822757112,7.15877437325905,6.73366834170854,5.8221856349043,3.49406156332798
2001,8,"Tommy Haas",2285,5.29752704791345,"GER",6.9530284301607,6.56455142231948,7.22841225626741,4.53338119167265,5.77477008502516,3.75700548640198
2001,9,"Tim Henman",2100,5.15455950540958,"GBR",6.85414091470952,7.64770240700219,6.43918291550604,5.77575376884422,6.07133279699651,4.2351638934514
2001,10,"Pete Sampras",1940,5.03091190108192,"USA",7.7070457354759,4.27789934354486,7.3769730733519,5.09332376166547,6.2626422250316,2.61922096832909
2002,1,"Lleyton Hewitt",4485,6.99768160741886,"AUS",6.33498145859086,8.14004376367615,8.72330547818013,5.75056131722442,5.96077213683176,4.80861458473399
2002,2,"Andre Agassi",3395,6.15533230293663,"USA",7.62051915945612,7.73522975929978,6.95914577530176,5.75417739102014,5.66705626982802,6.69136833315938
2002,3,"Marat Safin",2845,5.73029366306028,"RUS",7.08281829419036,6.2035010940919,6.92664809656453,4.6604491383471,5.75064146200974,3.82022471910112
2002,4,"Juan Carlos Ferrero",2740,5.64914992272025,"ESP",6.5636588380717,6.61925601750547,7.27483751160631,4.9669232237135,6.45716693757149,5.56567988785355
2002,5,"Carlos Moya",2630,5.56414219474498,"ESP",6.88504326328801,6.07221006564552,8.04549675023213,4.4677089149451,5.11835383840564,5.26335265819662
2002,6,"Roger Federer",2590,5.53323029366306,"SUI",7.39184177997528,6.60831509846827,6.49489322191272,6.52049445835449,6.59477408643229,5.5724085650018
2002,7,"Jiri Novak",2335,5.33616692426584,"CZE",6.90358467243511,8.05251641137856,6.6016713091922,4.89949748743719,4.90096923725242,4.95968709507127
2002,8,"Tim Henman",2215,5.24343122102009,"GBR",6.65018541409147,7.4945295404814,6.49953574744661,1.97121973503883,5.36699635606455,1.7910447761194
2002,9,"Albert Costa",2070,5.13137557959814,"ESP",6.73671199011125,6.02844638949672,6.76880222841226,7.91000456829603,4.07571288102262,7.72461223295288
2002,10,"Andy Roddick",2045,5.11205564142195,"USA",7.96662546353523,5.97374179431072,7.78551532033426,6.22085839031222,4.69782921110355,0.413066247708823
2003,1,"Andy Roddick",4535,7.03632148377125,"USA",8.70828182941904,5.50328227571116,8.22655524605385,6.08495694848512,6.03592854065162,3.28942060678117
2003,2,"Roger Federer",4375,6.91267387944359,"SUI",7.74412855377009,7.39606126914661,7.51160631383473,7.4670840234693,5.94137024666276,5.50573517893612
2003,3,"Juan Carlos Ferrero",4205,6.78129829984544,"ESP",7.08899876390606,7.5382932166302,7.82729805013928,6.23461343414319,6.7292294725923,8.01284276292954
2003,4,"Andre Agassi",3425,6.17851622874807,"USA",7.48454882571075,8.99343544857768,7.78087279480037,6.45265802697699,6.02910318401606,5.92868988391376
2003,5,"Guillermo Coria",3330,6.10510046367852,"ARG",7.13226205191595,10,7.67873723305478,9.13735343383585,8.92822025565388,6.18817676324261
2003,6,"Rainer Schuettler",3205,6.00850077279753,"GER",6.29789864029666,8.28227571115974,8.04549675023213,5.72203120867495,5.3253867918849,4.86940298507463
2003,7,"Carlos Moya",2280,5.29366306027821,"ESP",6.78615574783684,7.13347921225383,6.25812441968431,3.69346733668342,5.89127686472819,4.79447027159285
2003,8,"David Nalbandian",2060,5.12364760432767,"ARG",5.82200247218789,8.6870897155361,6.17455896007428,6.57377798081316,7.26588297450799,2.60948344696272
2003,9,"Mark Philippoussis",1615,4.77975270479134,"AUS",7.58343634116193,4.9890590809628,7.59052924791086,5.37329504666188,5.34660766961652,3.03557064974528
2003,10,"Sebastien Grosjean",1610,4.7758887171561,"FRA",6.81087762669963,5.95185995623632,5.50603528319406,9.47954055994257,5.23107177974435,5.32146957520092
2004,1,"Roger Federer",6335,8.4273570324575,"SUI",8.36835599505562,7.5492341356674,9.57288765088208,7.38384906991096,6.10707524325276,5.44033757912011
2004,2,"Andy Roddick",3655,6.35625965996909,"USA",8.74536464771323,5.83150984682713,8.23584029712163,5.50409527954734,5.76918414353255,3.0921000896466
2004,3,"Lleyton Hewitt",3590,6.30602782071097,"AUS",6.73053152039555,7.93216630196937,7.87836583101207,6.20482652784882,6.56615317382279,5.84385763490241
2004,4,"Marat Safin",3060,5.89644513137558,"RUS",7.55253399258344,5.32822757111597,6.88950789229341,4.41564361893857,5.70870618480249,3.82022471910112
2004,5,"Carlos Moya",2520,5.47913446676971,"ESP",7.3238566131026,5.97374179431072,8.00371402042711,5.73380601638329,4.60655345611098,3.33826556870818
2004,6,"Tim Henman",2465,5.43663060278207,"GBR",7.04573547589617,6.72866520787746,6.06313834726091,4.55087939698493,3.69059324811537,0.751969320066334
2004,7,"Guillermo Coria",2400,5.38639876352396,"ARG",6.58838071693449,8.44638949671772,8.67223769730734,3.18286836481257,5.76748841129372,2.51201619023526
2004,8,"Andre Agassi",2100,5.15455950540958,"USA",7.79357231149567,6.82713347921225,6.55988857938719,4.7694354123559,6.51021913190055,7.01854803651645
2004,9,"David Nalbandian",1945,5.03477588871716,"ARG",6.21137206427689,8.32603938730854,6.92664809656453,5.75920141246774,6.45439296662618,4.45718335695822
2004,10,"Gaston Gaudio",1920,5.01545595054096,"ARG",5.82818294190359,8.04157549234136,5.80779944289694,3.3042873944189,4.0975121055268,3.70538611291369
2005,1,"Roger Federer",6725,8.72874806800618,"SUI",8.23238566131026,7.94310722100657,8.86258124419684,8.28612760773565,6.8600560655197,5.25218733916624
2005,2,"Rafael Nadal",4765,7.21406491499227,"ESP",7.62669962917182,9.57330415754924,8.03156917363046,7.39036089538602,6.47530443990621,4.33412337454359
2005,3,"Andy Roddick",3085,5.91576506955178,"USA",9.13473423980222,5.21881838074398,7.66016713091922,4.92314513745197,4.47411250127149,2.6297017790128
2005,4,"Lleyton Hewitt",2490,5.45595054095827,"AUS",7.34857849196539,6.91466083150985,8.85793871866295,7.53140703517588,6.46580648066833,5.6419359513114
2005,5,"Nikolay Davydenko",2390,5.37867078825348,"RUS",6.65018541409147,8.56673960612692,6.51810584958217,4.23410154219373,4.86135693215339,1.64951106536284
2005,6,"David Nalbandian",2370,5.36321483771252,"ARG",6.19283065512979,8.91684901531729,5.81244196843083,5.65326633165829,5.34660766961652,7.79574350469873
2005,7,"Andre Agassi",2275,5.28979907264297,"USA",7.29295426452411,7.01312910284464,8.31940575673166,7.13171118751653,5.0190793212633,5.16621438263229
2005,8,"Guillermo Coria",2190,5.2241112828439,"ARG",5.93325092707046,9.35448577680526,6.94521819870009,4.59376715510325,6.13281531045399,3.68741734366144
2005,9,"Ivan Ljubicic",2180,5.21638330757342,"CRO",8.13349814585909,4.51859956236324,7.20519962859796,4.45936579448969,6.34994566061171,3.1178474871301
2005,10,"Gaston Gaudio",2050,5.11591962905719,"ARG",6.04449938195303,8.51203501094092,7.32590529247911,8.11557788944724,8.69714847590954,5.7679550963133
2006,1,"Roger Federer",8370,10,"SUI",8.34981458590853,8.05251641137856,9.4196843082637,7.81102482107507,7.00137976972119,5.94813073559301
2006,2,"Rafael Nadal",4470,6.98608964451314,"ESP",7.86155747836836,7.4835886214442,8.31012070566388,7.87051018639998,6.2708947885939,5.9911978568695
2006,3,"Nikolay Davydenko",2825,5.71483771251932,"RUS",7.08281829419036,9.20131291028446,6.49953574744661,4.61892797319933,5.61619141265159,6.07391330201582
2006,4,"James Blake",2530,5.48686244204019,"USA",6.5636588380717,7.4945295404814,7.05199628597957,5.04531327156011,6.11458152582567,3.70538611291369
2006,5,"Ivan Ljubicic",2495,5.45981452859351,"CRO",8.0655129789864,5.21881838074398,7.01021355617456,4.47738693467337,5.17733415654799,4.80185280494081
2006,6,"Andy Roddick",2415,5.39799072642968,"USA",8.75772558714463,5.84245076586433,6.87093779015785,5.02721943048576,5.67120850306691,2.56396588486141
2006,7,"Tommy Robredo",2375,5.36707882534776,"ESP",6.9097651421508,7.74617067833698,6.56917363045497,4.75502512562814,6.08933839022335,6.92881745120551
2006,8,"David Nalbandian",2295,5.30525502318393,"ARG",6.37206427688504,7.91028446389497,5.84958217270195,5.16919128014172,7.09248333879602,5.29021558872305
2006,9,"Mario Ancic",2060,5.12364760432767,"CRO",7.74412855377009,5.85339168490153,8.55617455896008,3.55830878530584,3.18697526662128,3.40796019900497
2006,10,"Fernando Gonzalez",2015,5.08887171561051,"CHI",7.00865265760198,5.95185995623632,7.17734447539461,7.8033370737181,7.16241799850306,5.25973484532644
2007,1,"Roger Federer",7180,9.08037094281298,"SUI",8.35599505562423,7.24288840262582,8.47260909935005,6.32104969290899,5.56971145695589,5.59298104074223
2007,2,"Rafael Nadal",5735,7.96367851622875,"ESP",7.76266996291718,8.41356673960613,8.06406685236769,7.8894472361809,6.95679772973377,5.6737486416358
2007,3,"Novak Djokovic",4470,6.98608964451314,"SRB",7.35475896168109,7.29759299781182,8.53760445682451,4.98929071587445,5.68603176058814,4.49744946155299
2007,4,"Nikolay Davydenko",2825,5.71483771251932,"RUS",6.52039555006181,8.08533916849015,6.44846796657382,4.25340990667624,6.47308259587021,4.41460015099599
2007,5,"David Ferrer",2750,5.65687789799073,"ESP",6.62546353522868,9.51859956236324,7.55338904363974,4.5073729302249,4.60087601680522,5.05858557678895
2007,6,"Andy Roddick",2530,5.48686244204019,"USA",8.90605686032139,4.35448577680525,8.37975858867224,5.34083460782172,4.4958433896487,1.66666666666667
2007,7,"Fernando Gonzalez",2005,5.08114374034003,"CHI",7.07045735475896,6.07221006564552,7.13091922005571,9.81685536114306,7.89057716925474,5.85507422238401
2007,8,"Richard Gasquet",1930,5.02318392581144,"FRA",7.13844252163165,7.40700218818381,5.90529247910863,9.24623115577889,10,5.55130252795065
2007,9,"David Nalbandian",1775,4.90340030911901,"ARG",6.47713226205192,6.81619256017505,6.75487465181059,7.78497751917482,5.45650766242176,6.23473541383989
2007,10,"Tommy Robredo",1765,4.89567233384853,"ESP",6.9283065512979,7.82275711159738,6.7455896007428,4.50227327111749,4.18074550817914,5.10997643362137
2008,1,"Rafael Nadal",6675,8.69010819165379,"ESP",8.15822002472188,8.61050328227571,9.12256267409471,8.17761647744897,5.51527771205023,7.16833248479327
2008,2,"Roger Federer",5305,7.63137557959815,"SUI",8.4487021013597,6.96936542669584,6.91272051996286,6.60605398534173,5.85848522143429,5.16388645010243
2008,3,"Novak Djokovic",5295,7.62364760432767,"SRB",7.89864029666255,8.01969365426696,7.49303621169916,5.07519612450743,5.39344654388902,4.64158205472056
2008,4,"Andy Murray",3720,6.4064914992272,"GBR",6.76761433868974,7.61487964989059,8.8811513463324,5.16331658291457,6.10690836425921,5.7736273261641
2008,5,"Nikolay Davydenko",2715,5.62982998454405,"RUS",7.10135970333745,8.38074398249453,6.45311049210771,4.82782127692727,5.32258535588072,5.7885730582755
2008,6,"Jo-Wilfried Tsonga",2050,5.11591962905719,"FRA",7.84919653893696,5.68927789934355,8.14298978644383,5.89820190197324,5.80875122910521,5.39548754621988
2008,7,"Gilles Simon",1980,5.06182380216383,"FRA",6.42150803461063,6.15973741794311,7.59981429897864,4.34673366834171,5.73068643865104,3.3550333439187
2008,8,"Andy Roddick",1970,5.05409582689335,"USA",9.09147095179234,4.51859956236324,7.25626740947075,4.43501290234959,3.98683911958248,3.02525832376578
2008,9,"Juan Martin Del Potro",1945,5.03477588871716,"ARG",7.06427688504326,8.11816192560175,9.17827298050139,5.45944005743001,5.58656682550488,3.00901154604337
2008,10,"James Blake",1775,4.90340030911901,"USA",6.73671199011125,6.56455142231948,6.30454967502321,4.78549463736593,5.65120228837043,2.63939735285835
2009,1,"Roger Federer",10550,7.13417921713813,"SUI",8.48578491965389,6.3129102844639,7.22376973073352,6.63454402815767,5.85418669141449,5.50506494792068
2009,2,"Rafael Nadal",9205,6.67490384961001,"ESP",7.53399258343634,8.91684901531729,8.55153203342618,6.71886046200585,5.63475139496037,6.97476741851282
2009,3,"Novak Djokovic",8310,6.36928938571583,"SRB",7.25587144622991,7.81181619256017,8.12441968430826,5.84230677195501,5.12198209831998,3.81925036173713
2009,4,"Andy Murray",7030,5.93220948204594,"GBR",7.39802224969098,8.7746170678337,7.92479108635098,6.74589762974163,7.87189211967973,5.40882543802725
2009,5,"Juan Martin Del Potro",6785,5.84854965673412,"ARG",7.41656365883807,7.00218818380744,8.30547818012999,5.36885105801114,5.48052426924108,5.41714504401071
2009,6,"Nikolay Davydenko",4930,5.21512526508752,"RUS",7.36093943139679,7.78993435448578,7.79944289693593,6.44651830581479,5.65120228837043,6.77694206134681
2009,7,"Andy Roddick",4410,5.03756155422163,"USA",9.221260815822,4.66083150984683,7.22376973073352,6.2768387391503,6.09489151710639,2.76834738225968
2009,8,"Robin Soderling",3410,4.69609287947953,"SWE",7.6823238566131,6.73960612691466,6.2627669452182,4.84575656058068,4.80482286565283,4.42034015966678
2009,9,"Fernando Verdasco",3300,4.6585313252579,"ESP",7.60815822002472,7.33041575492341,6.03528319405757,6.03621556056143,6.18254381398577,4.83620035416139
2009,10,"Jo-Wilfried Tsonga",2875,4.51340713849251,"FRA",8.35599505562423,4.62800875273523,7.24698235840297,5.89820190197324,5.80875122910521,5.39548754621988
2010,1,"Rafael Nadal",12450,7.78296969914813,"ESP",8.36217552533993,7.64770240700219,8.34261838440111,9.47954055994257,6.79279829111993,7.99788371574961
2010,2,"Roger Federer",9145,6.65441572912548,"SUI",8.25710754017305,6.92560175054705,7.8644382544104,6.46698404302213,4.90096923725242,5.16637950719283
2010,3,"Novak Djokovic",6240,5.66244922899968,"SRB",6.81705809641533,8.28227571115974,7.14020427112349,5.99673625861265,5.1413351662514,4.38093359021378
2010,4,"Andy Murray",5760,5.49854426512347,"GBR",7.08899876390606,7.71334792122538,5.98885793871866,5.5322910850549,6.76392418002862,4.94572591587517
2010,5,"Robin Soderling",5580,5.43707990366989,"SWE",7.58343634116193,6.65207877461707,7.04735376044568,5.10887772194305,5.05332425686408,3.72104992279979
2010,6,"Tomas Berdych",3955,4.88219330721398,"CZE",7.64524103831891,6.50984682713348,5.99814298978644,5.35410698351571,4.1936066461983,5.15211299822725
2010,7,"David Ferrer",3735,4.80707019877071,"ESP",7.01483312731768,8.00875273522976,6.67130919220056,3.85866112170046,5.80875122910521,5.57796125754208
2010,8,"Andy Roddick",3665,4.78316739153877,"USA",9.11001236093943,4.10284463894967,6.98235840297122,4.17922948073702,4.4958433896487,1.26865671641791
2010,9,"Fernando Verdasco",3240,4.63804320477337,"ESP",6.73053152039555,6.99124726477024,7.36304549675023,5.30741945019214,3.93481545434923,1.86567164179104
2010,10,"Mikhail Youzhny",2920,4.5287732288559,"RUS",6.76143386897404,7.00218818380744,7.1866295264624,3.65908489817509,5.15997277059224,5.1875239188672
2011,1,"Novak Djokovic",13630,8.18590273534381,"SRB",7.72558714462299,9.95623632385121,8.36118848653668,6.88721384701284,6.15739477343313,5.56567988785355
2011,2,"Rafael Nadal",9595,6.80807663275943,"ESP",7.51545117428925,9.03719912472648,7.8180129990715,8.31299353912419,5.88667078273993,7.47393502503689
2011,3,"Roger Federer",8170,6.32148377125193,"SUI",8.38071693448702,7.06783369803064,7.05199628597957,6.85929648241206,5.28068841956675,5.93958424162593
2011,4,"Andy Murray",7380,6.05172351820567,"GBR",6.79233621755253,9.37636761487965,8.52367688022284,5.03110792055516,6.50762217133899,5.43902826294061
2011,5,"David Ferrer",4925,5.21341792171381,"ESP",7.02719406674907,8.47921225382932,7.05199628597957,4.52819653824679,4.8924321025328,6.01695663693367
2011,6,"Jo-Wilfried Tsonga",4335,5.01195140361597,"FRA",7.88009888751545,5.68927789934355,7.36768802228412,5.89820190197324,5.80875122910521,5.39548754621988
2011,7,"Tomas Berdych",3700,4.79511879515474,"CZE",7.3114956736712,7.39606126914661,7.45125348189415,4.3860870618151,3.77167106556953,5.05245737838006
2011,8,"Mardy Fish",2965,4.5441393192193,"USA",7.39184177997528,6.3129102844639,6.25812441968431,3.34170854271357,6.00131104555883,3.45084920226454
2011,9,"Janko Tipsarevic",2595,4.41779590956472,"SRB",7.14462299134734,7.31947483588621,5.99350046425255,4.54671315762486,6.4914633056226,4.56553864341658
2011,10,"Nicolas Almagro",2380,4.34438014449517,"ESP",7.04573547589617,5.65645514223195,6.63881151346332,4.61892797319933,4.7978121927237,5.71350564251911
2012,1,"Novak Djokovic",12920,7.94345997627691,"SRB",7.88627935723115,9.07002188183807,8.50510677808728,6.28045994941448,4.84682941251571,5.42086387848742
2012,2,"Roger Federer",10265,7.03686064483663,"SUI",8.60321384425217,6.64113785557987,8.38440111420613,6.76040846804303,5.799155224963,6.1376601741455
2012,3,"Andy Murray",8000,6.26343409654577,"GBR",7.29295426452411,7.74617067833698,7.330547818013,5.88946360466829,5.42772861356932,5.76402130317575
2012,4,"Rafael Nadal",6690,5.81611013263362,"ESP",8.02843016069221,9.87964989059081,7.89693593314763,7.61306532663317,5.69321533923304,7.36140724946695
2012,5,"David Ferrer",6505,5.75293842780633,"ESP",7.46600741656366,8.14004376367615,8.94150417827298,5.01921371563701,4.48008849557522,4.37966417910448
2012,6,"Tomas Berdych",4680,5.129758096402,"CZE",7.62669962917182,6.59737417943107,7.38625812441968,6.290978703039,4.33953499175435,4.69780725999631
2012,7,"Juan Martin Del Potro",4480,5.06146436145358,"ARG",7.92336217552534,6.59737417943107,8.008356545961,6.1770057182464,4.86135693215339,6.33767578293503
2012,8,"Jo-Wilfried Tsonga",3490,4.7234103734589,"FRA",7.6946847960445,5.85339168490153,6.75487465181059,5.89820190197324,5.80875122910521,5.39548754621988
2012,9,"Janko Tipsarevic",2990,4.55267603608785,"SRB",7.23733003708282,5.89715536105033,7.09377901578459,3.98380792853155,4.84131215125991,4.46410190427174
2012,10,"Richard Gasquet",2515,4.39047841558535,"FRA",7.41038318912237,6.71772428884026,6.71309192200557,5.43551088777219,7.54178957718781,1.01085481682496
2013,1,"Rafael Nadal",13030,7.98102153049854,"ESP",7.99752781211372,8.7855579868709,9.71216341689879,8.68307052503899,6.77155031137332,5.52238805970149
2013,2,"Novak Djokovic",12260,7.71809065094713,"SRB",8.27564894932015,8.38074398249453,8.08263695450325,6.28838637632608,6.38643067846608,6.4630966853661
2013,3,"David Ferrer",5800,5.51220301211315,"ESP",6.5636588380717,8.33698030634573,7.21448467966574,4.17252931323283,4.73145712083765,5.5899382398353
2013,4,"Andy Murray",5790,5.50878832536573,"GBR",7.37948084054388,8.10722100656455,9.14577530176416,5.83142987665601,5.89127686472819,5.43532338308458
2013,5,"Juan Martin Del Potro",5255,5.32610258437871,"ARG",7.76266996291718,6.1925601750547,7.36768802228412,8.35864103124317,5.86126754268347,4.39753785815448
2013,6,"Roger Federer",4205,4.9675604758995,"SUI",7.82447466007417,6.57549234135668,7.15413184772516,5.76740580224543,4.78670297254368,5.08275454411113
2013,7,"Tomas Berdych",4180,4.95902375903095,"CZE",7.46600741656366,6.69584245076586,6.09563602599814,5.64094055181568,4.85727919486379,5.13376026442183
2013,8,"Stan Wawrinka",3730,4.805362855397,"SUI",7.3238566131026,5.78774617067834,6.96843082636955,6.84860472575644,6.07833497214028,4.94195688225539
2013,9,"Richard Gasquet",3300,4.6585313252579,"FRA",7.16934487021014,6.47702407002188,6.76880222841226,5.27997128499641,6.21018949052547,5.00856373868363
2013,10,"Jo-Wilfried Tsonga",3065,4.5782861866935,"FRA",7.88627935723115,5.49234135667396,7.42339832869081,5.89820190197324,5.80875122910521,5.39548754621988
2014,1,"Novak Djokovic",11360,7.41076884367924,"SRB",8.12113720642769,8.7308533916849,8.40297121634169,6.96626697845664,6.20743141246694,5.48366077356217
2014,2,"Roger Federer",9775,6.869540994213,"SUI",8.54758961681088,6.47702407002188,7.89693593314763,6.22085839031222,5.27347027144056,5.71894213957366
2014,3,"Rafael Nadal",6835,5.86562309047123,"ESP",7.76266996291718,9.34354485776805,7.60445682451254,9.19421950516916,5.56758408034291,7.62807368906267
2014,4,"Stan Wawrinka",5370,5.36537148197405,"SUI",7.49690976514215,5.94091903719912,6.46703806870938,7.24723618090452,7.85147340571116,5.85678872075608
2014,5,"Kei Nishikori",5025,5.24756478918802,"JPN",7.03337453646477,6.95842450765864,8.84865366759517,5.26982739785886,8.20199466217165,7.52302318196253
2014,6,"Andy Murray",4675,5.12805075302829,"GBR",6.76761433868974,8.18380743982495,7.28876508820799,5.78248384781048,4.94927692639758,5.08275454411113
2014,7,"Tomas Berdych",4600,5.10244060242263,"CZE",7.57107540173053,6.43326039387309,5.3899721448468,7.32400942766932,5.23107177974435,5.1044776119403
2014,8,"Milos Raonic",4440,5.04780561446389,"CAN",8.79480840543881,4.20131291028446,7.95264623955432,4.90440004902562,4.22013274336283,4.07997326798841
2014,9,"Marin Cilic",4150,4.94877969878868,"CRO",7.37948084054388,5.52516411378556,7.31662024141133,4.59170854271357,4.19124877089479,3.03193335647344
2014,10,"David Ferrer",4045,4.91292548794076,"ESP",6.40914709517923,8.34792122538293,6.9405756731662,4.83976486204608,4.43676253687316,8.27943615257048
2015,1,"Novak Djokovic",16585,9.19494266920671,"SRB",8.35599505562423,8.7417943107221,9.02506963788301,6.47635451892587,5.69967888551959,5.72579898577409
2015,2,"Andy Murray",8945,6.58612199417706,"GBR",7.33621755253399,8.16192560175055,8.14763231197772,5.68437425221345,6.25630493219366,6.16101253113475
2015,3,"Roger Federer",8265,6.35392329535243,"SUI",8.68974042027194,6.80525164113786,7.56267409470752,6.53266331658291,6.76643244249748,5.51529039584685
2015,4,"Stan Wawrinka",6865,5.87586715071349,"SUI",7.46600741656366,5.24070021881838,7.54874651810585,5.95144713112601,6.26481395228484,5.7478793084935
2015,5,"Rafael Nadal",5230,5.31756586751015,"ESP",7.41656365883807,7.72428884026258,6.90807799442897,7.28343552625513,6.41372262095557,7.84972326417123
2015,6,"Tomas Berdych",4620,5.10926997591747,"CZE",7.38566131025958,7.27571115973742,7.94336118848654,5.43551088777219,5.65826330532213,6.58651188501935
2015,7,"David Ferrer",4305,5.00170734337371,"ESP",6.57601977750309,8.55579868708972,8.19870009285051,4.03063705624899,3.88315306456899,5.47310616727682
2015,8,"Kei Nishikori",4235,4.97780453614176,"JPN",7.3053152039555,6.66301969365427,6.7966573816156,5,7.05298388926708,7.33065442020666
2015,9,"Richard Gasquet",2850,4.50487042162395,"FRA",7.71940667490729,5.82056892778993,7.32590529247911,5.78776234111735,9.85250737463127,3.66875300914781
2015,10,"Jo-Wilfried Tsonga",2635,4.4314546565544,"FRA",8.15822002472188,5.0218818380744,6.81058495821727,5.89820190197324,5.80875122910521,5.39548754621988
2016,1,"Andy Murray",12410,7.76931095215844,"GBR",7.41656365883807,9.07002188183807,8.71402042711235,5.6803247004252,6.79420440742669,7.38667258503024
2016,2,"Novak Djokovic",11780,7.55418568707092,"SRB",7.61433868974042,8.96061269146608,9.34540389972145,6.38963368077135,6.06293018682399,5.70641846392266
2016,3,"Milos Raonic",5450,5.39268897595342,"CAN",8.67119901112484,4.57330415754923,7.669452181987,5.66822662932985,5.25395017377844,5.14850671567089
2016,4,"Stan Wawrinka",5315,5.34659070486323,"SUI",7.47218788627936,5.78774617067834,7.04271123491179,6.6002493085583,7.69882865080047,4.7396854113272
2016,5,"Kei Nishikori",4905,5.20658854821897,"JPN",6.99629171817058,7.527352297593,8.16155988857939,4.57199792063767,6.12647492625369,5.52238805970149
2016,6,"Marin Cilic",3650,4.77804536141763,"CRO",7.73794808405439,5.41575492341357,6.1188486536676,4.7881298383811,5.2683414216386,3.56343283582089
2016,7,"Gael Monfils",3625,4.76950864454908,"FRA",7.47218788627936,7.70240700218818,6.39275766016713,7.61306532663317,6.78130017549755,4.94317117342159
2016,8,"Dominic Thiem",3415,4.69780022285324,"AUT",7.15698393077874,5.95185995623632,7.98050139275766,6.91199901948768,7.41238938053097,5.01755926251097
2016,9,"Rafael Nadal",3300,4.6585313252579,"ESP",7.15080346106304,9.69365426695843,6.62952646239554,8.14999655813313,6.2181745281668,6.00556200232084
2016,10,"Tomas Berdych",3060,4.57657884331979,"CZE",7.29295426452411,5.52516411378556,7.4744661095636,5.29769098657846,5.34660766961652,3.56343283582089
2017,1,"Rafael Nadal",10645,7.16661874123863,"ESP",8.36217552533993,8.20568927789935,7.84122562674095,8.81691656112541,7.18406339097271,7.91666666666667
2017,2,"Roger Federer",9605,6.81149131950685,"SUI",8.73918417799753,6.73960612691466,8.67223769730734,7.97480889790974,6.35705714714264,6.12514351320321
2017,3,"Grigor Dimitrov",5150,5.29024837353079,"BUL",7.71322620519159,5.97374179431072,7.08449396471681,7.96381235034232,5.69321533923304,6.3032774272965
2017,4,"Alexander Zverev",4610,5.10585528917005,"GER",7.54017305315204,6.34573304157549,7.46518105849582,4.65667754832557,6.78518286475057,4.11240258882578
2017,5,"Dominic Thiem",4015,4.9026814276985,"AUT",6.99629171817058,6.2363238512035,5.62674094707521,6.74204355108878,5.88667078273993,5.47386904486853
2017,6,"Marin Cilic",3805,4.83097300600266,"CRO",7.73176761433869,5.99562363238512,5.83101207056639,5.63807409138717,4.95922262710394,5.04748982360922
2017,7,"David Goffin",3775,4.8207289457604,"BEL",6.65636588380717,6.84901531728665,7.83658310120706,4.80490688737807,7.19668237367353,4.55771896457239
2017,8,"Jack Sock",3165,4.61243305416771,"USA",6.80469715698393,4.83588621444201,7.35840297121634,7.04851417581736,6.38643067846608,5.55241036198319
2017,9,"Stan Wawrinka",3150,4.60731102404658,"SUI",7.3238566131026,5.60175054704595,8.27298050139276,6.50672718430864,5.38015034732134,3.18782195218597
2017,10,"Roberto Bautista-Agut",2615,4.42462528305956,"ESP",6.60692212608158,6.95842450765864,7.40947075208914,5.89820190197324,5.80875122910521,5.39548754621988
2018,1,"Novak Djokovic",9045,6.62026886165127,"SRB",7.92336217552534,7.63676148796499,7.05663881151346,8.04197756459063,5.66548672566372,5.57515453037841
2018,2,"Rafael Nadal",7480,6.08587038567988,"ESP",7.73176761433869,9.31072210065646,8.3519034354689,8.58486648116616,6.63400758533502,6.976390089853
2018,3,"Roger Federer",6420,5.72391359045325,"SUI",8.65883807169345,6.2253829321663,7.80408542246982,6.50559665279186,5.66705626982802,6.02667356287867
2018,4,"Alexander Zverev",6385,5.71196218683728,"GER",7.37948084054388,7.11159737417943,7.1355617455896,4.45561139028476,5.76748841129372,4.34701492537313
2018,5,"Juan Martin Del Potro",5300,5.3414686747421,"ARG",8.12113720642769,6.36761487964989,7.50696378830084,8.34667992368258,6.17808727049986,5.41269249665407
2018,6,"Kevin Anderson",4710,5.14000215664426,"RSA",8.77626699629172,3.67614879649891,7.60909935004642,6.53485875981851,5.05990749845224,2.70424194815396
2018,7,"Marin Cilic",4250,4.9829265662629,"CRO",7.84301606922126,5.45951859956236,6.05385329619313,6.82599745716534,5.41796807218463,6.51566113096489
2018,8,"Dominic Thiem",4095,4.92999892167787,"AUT",7.25587144622991,6.2472647702407,7.29340761374188,7.2008098746158,6.65651457686856,5.77142006155475
2018,9,"Kei Nishikori",3590,4.75755724093311,"JPN",6.81705809641533,6.50984682713348,8.40297121634169,3.2930782946993,6.91159381424868,6.90766813704755
2018,10,"John Isner",3155,4.60901836742029,"USA",10,1.2910284463895,6.2116991643454,5.59681121657671,5.23107177974435,5.32949027318497
2019,1,"Rafael Nadal",9985,6.94124941590885,"ESP",8.26328800988875,8.92778993435449,8.2497678737233,8.27460085236308,7.48402163225172,7.15428879697896
2019,2,"Novak Djokovic",9145,6.65441572912548,"SRB",8.0593325092707,8.7089715536105,7.53017641597029,6.75289257676282,6.38643067846608,5.77773049214214
2019,3,"Roger Federer",6590,5.78196326515941,"SUI",8.66501854140915,6.56455142231948,8.07799442896936,7.34298105514653,5.68856288729188,6.12284839486527
2019,4,"Dominic Thiem",5825,5.5207397289817,"AUT",7.50927070457355,6.14879649890591,7.88765088207985,7.81580315369953,6.20909652191809,5.46164526206178
2019,5,"Daniil Medvedev",5705,5.47976348801265,"RUS",7.44746600741657,7.472647702407,6.82451253481894,5.42089642845098,5.94079224610198,3.37400030563904
2019,6,"Stefanos Tsitsipas",5300,5.3414686747421,"GRE",7.6946847960445,4.71553610503282,7.06128133704735,5.61035102519899,5.48468714775643,5.36633369062953
2019,7,"Alexander Zverev",3345,4.67389741562129,"GER",6.84796044499382,6.2800875273523,6.49489322191272,5.65326633165829,6.67053532569273,3.56343283582089
2019,8,"Matteo Berrettini",2870,4.5116997951188,"ITA",7.91718170580964,4.47483588621444,6.98235840297122,6.79159269400897,5.80875122910521,5.50885469027917
2019,9,"Roberto Bautista-Agut",2540,4.3990151324539,"ESP",7.36711990111249,5.53610503282276,5.76137418755803,5.89820190197324,5.80875122910521,5.39548754621988
2019,10,"Gael Monfils",2530,4.39560044570648,"FRA",6.97156983930779,6.68490153172867,6.98700092850511,5.71312738993774,6.09918675336951,5.33796534568537
2020,1,"Novak Djokovic",12030,9.41962905718702,"SRB",7.57107540173053,8.69803063457331,10,6.62326785442363,5.90944764688371,5.32146957520092
2020,2,"Rafael Nadal",9850,8.35265327150953,"ESP",7.88009888751545,9.44201312910285,8.10120705663881,10,9.37442783033262,7.0409580006942
2020,3,"Dominic Thiem",9125,7.9978104070067,"AUT",7.33003708281829,6.75054704595186,7.17270194986073,6.68808644994886,6.21093312422986,8.27551432029044
2020,4,"Daniil Medvedev",8470,7.67722823286965,"RUS",7.82447466007417,7.37417943107221,7.27019498607242,4.79417636125835,6.20400558919422,5.32146957520092
2020,5,"Roger Federer",6630,6.77666151468315,"SUI",7.97651421508035,6.27024070021882,9.75348189415042,5.09168650268888,6.27811578171091,5.66855503504376
2020,6,"Stefanos Tsitsipas",5925,6.43160741885626,"GRE",8.22620519159456,5.53610503282276,5.71030640668524,6.84451670115282,4.7333787156796,7.13444496268657
2020,7,"Alexander Zverev",5525,6.23583204533745,"GER",7.36093943139679,7.08971553610503,6.991643454039,4.50803399714623,5.1210375989137,4.25108968432175
2020,8,"Andrey Rublev",4119,5.54768160741886,"RUS",7.79357231149567,7.58205689277899,7.05199628597957,7.53883051621745,6.23573169167629,4.30173254331358
2020,9,"Diego Schwartzman",3455,5.22269448737764,"ARG",5.55006180469716,9.23413566739606,7.69730733519034,4.25600223338917,5.06834517429058,6.67164179104477
2020,10,"Matteo Berrettini",3075,5.03670788253478,"ITA",8.57849196538937,4.00437636761488,4.58077994428969,6.70575097710776,3.41550779603877,6.39303482587064
2021,1,"Novak Djokovic",11540,7.47223320513281,"SRB",7.97280593325093,8.93873085339169,7.4280408542247,6.35932186183442,5.65673032137867,6.20026004279871
2021,2,"Daniil Medvedev",8640,6.48197404838072,"RUS",7.83065512978987,8.31509846827134,7.21448467966574,5.571608040201,6.2990505936888,5.78800910700734
2021,3,"Alexander Zverev",7840,6.20879910858704,"GER",8.0902348578492,7.02407002188184,7.06128133704735,6.28663622681938,6.85814525841755,5.45541523153463
2021,4,"Stefanos Tsitsipas",6540,5.76488983142231,"GRE",7.99752781211372,6.70678336980306,6.78272980501393,6.19478973816451,5.35205176913929,6.35412323855582
2021,5,"Andrey Rublev",5150,5.29024837353079,"RUS",7.45364647713226,7.10065645514223,6.69452181987001,8.06479204533305,5.74653959609712,5.49091889947851
2021,6,"Rafael Nadal",4875,5.19634448797671,"ESP",7.22249690976514,8.97374179431072,7.1652739090065,8.22935431876363,5.20388686448031,7.70101107366394
2021,7,"Matteo Berrettini",4568,5.09151360483088,"ITA",8.4548825710754,5.28446389496718,8.69545032497679,5.90694019927818,4.31843533873726,5.38162481008133
2021,8,"Casper Ruud",4160,4.95219438553611,"NOR",7.62051915945612,7.22100656455142,8.12906220984215,6.56377743640482,5.05990749845224,5.69481443637558
2021,9,"Hubert Hurkacz",3706,4.79716760720319,"POL",7.85537700865266,4.73741794310722,6.19312906220984,4.50942451722213,4.63967434873639,4.79914735443482
2021,10,"Jannik Sinner",3350,4.675604758995,"ITA",6.75525339925834,7.03501094091904,7.25626740947075,6.12103728519139,5.21591953189226,6.32479196935676
2022,1,"Carlos Alcaraz",6820,5.8605010603501,"ESP",7.39184177997528,7.58205689277899,7.48839368616527,6.6702067036212,5.61188839999341,6.19914346895075
2022,2,"Rafael Nadal",6020,5.58732612055641,"ESP",7.34239802224969,8.01969365426696,7.9108635097493,6.84149091916274,7.99388653755718,6.65702101736217
2022,3,"Casper Ruud",5820,5.51903238560799,"NOR",7.72558714462299,5.51422319474836,7.40018570102136,7.02585963525493,5.27529604381025,5.50064777184233
2022,4,"Stefanos Tsitsipas",5550,5.42683584342763,"GRE",7.88009888751545,5.67833698030634,7.74373259052925,6.7525801048252,4.10533746816933,5.69679424815509
2022,5,"Novak Djokovic",4820,5.17756371086589,"SRB",8.13349814585909,7.74617067833698,8.04549675023213,9.14839172822639,6.36847173185382,6.23749004397964
2022,6,"Felix Auger Aliassime",4195,4.96414578915208,"CAN",7.84919653893696,5.29540481400438,6.93593314763231,5.80528428305047,4.97128693861165,5.80832002349874
2022,7,"Daniil Medvedev",4065,4.91975486143561,"RUS",7.66378244746601,7.15536105032823,5.81708449396472,5.49533381191673,7.25854029879151,4.71596181369234
2022,8,"Andrey Rublev",3930,4.87365659034542,"RUS",7.47836835599506,6.01750547045952,7.69266480965645,6.74080630424852,5.09636625792029,4.86618630983016
2022,9,"Taylor Fritz",3355,4.67731210236871,"USA",7.66378244746601,6.07221006564552,6.652739090065,6.45500228414801,5.89127686472819,4.22001562435755
2022,10,"Hubert Hurkacz",2905,4.52365119873477,"POL",8.65265760197775,4.51859956236324,6.57381615598886,4.76599414985375,4.97546140392095,5.51821229583497
2023,1,"Novak Djokovic",11245,7.37149994608389,"SRB",8.20148331273177,7.65864332603939,8.87650882079851,7.33161271208651,5.97991551039732,6.30789455268867
2023,2,"Carlos Alcaraz",8855,6.55538981345027,"ESP",7.55253399258344,7.62582056892779,7.74837511606314,7.23858144224306,5.985095482068,6.51312403499743
2023,3,"Daniil Medvedev",7600,6.12684662664893,"RUS",7.21878862793572,8.09628008752735,7.48839368616527,5.92138215507505,6.31822523363993,5.2921384095804
2023,4,"Jannik Sinner",6490,5.7478163976852,"ITA",7.65142150803461,7.35229759299781,7.72516248839369,5.19023689877961,5.22281921618205,6.98424324003325
2023,5,"Andrey Rublev",4805,5.17244168074476,"RUS",7.33003708281829,6.2144420131291,6.35561745589601,7.68237740426269,5.76303558922773,5.44454877928239
2023,6,"Stefanos Tsitsipas",4235,4.97780453614176,"GRE",8.17058096415328,4.86870897155361,6.92664809656453,6.56648877462247,4.28025010232742,5.52845763436882
2023,7,"Alexander Zverev",3985,4.89243736745624,"GER",7.65760197775031,5.55798687089715,7.09377901578459,4.1356783919598,5.94975959863424,4.09245717720124
2023,8,"Holger Rune",3660,4.78146004816506,"DEN",6.95920889987639,5.41575492341357,6.95914577530176,6.07731640659438,5.59418457648546,4.80277185501066
2023,9,"Hubert Hurkacz",3245,4.63975054814708,"POL",8.41161928306551,3.84026258205689,6.62488393686165,4.67907368290579,4.6165191740413,5.25190892523472
2023,10,"Taylor Fritz",3100,4.59023759030948,"USA",7.86773794808405,6.2253829321663,6.6991643454039,5.8555467693799,5.58987889114861,5.16116227373769
2024,1,"Jannik Sinner",11830,7.57125912080802,"ITA",8.43634116192831,7.5601750547046,8.686165273909,7.30012337134776,6.73017382188742,7.16694306246545
2024,2,"Alexander Zverev",7915,6.2344092591927,"GER",8.70210135970334,5.50328227571116,6.991643454039,5.6111201167126,7.82541558842635,5.26716728209265
2024,3,"Carlos Alcaraz",7010,5.9253801085511,"ESP",7.73176761433869,7.92122538293217,7.55803156917363,8.04651218176189,5.65120228837043,6.10381929086477
2024,4,"Taylor Fritz",5100,5.27317493979368,"USA",8.22620519159456,5.06564551422319,7.31662024141133,5.74358932928307,5.49898108959286,4.82005613409228
2024,5,"Daniil Medvedev",5030,5.24927213256173,"RUS",6.60692212608158,7.18818380743983,7.75766016713092,4.63357865816334,5.93629084779527,4.8919197117859
2024,6,"Casper Ruud",4255,4.98463390963661,"NOR",7.44746600741657,5.90809628008753,7.55803156917363,8.72500801881749,6.34467071827132,5.71426045129801
2024,7,"Novak Djokovic",3910,4.86682721685058,"SRB",7.74412855377009,7.4835886214442,7.3769730733519,5.91575703289863,7.27049072647582,5.69723844545389
2024,8,"Andrey Rublev",3760,4.81560691563927,"RUS",7.74412855377009,5.10940919037199,6.37418755803157,7.82915851522242,6.06002883712317,5.56270960804895
2024,9,"Alex De Minaur",3745,4.81048488551813,"AUS",6.52039555006181,8.34792122538293,7.03342618384401,5.09080149783667,5.24262536873156,6.27977996197872
2024,10,"Grigor Dimitrov",3350,4.675604758995,"BUL",7.79357231149567,5.43763676148797,7.49303621169916,6.27504994853787,6.67747528654102,6.4196749216366
2025,1,"Carlos Alcaraz",12050,7.64638222925129,"ESP",7.83065512978987,8.30415754923414,8.35654596100279,6.78903636724657,6.02920271813707,5.30299148036641
2025,2,"Jannik Sinner",11500,7.45857445814313,"ITA",8.54758961681088,8.67614879649891,8.63045496750232,7.47161001859692,6.58095539100596,7.28851547630973
2025,3,"Alexander Zverev",5110,5.2765896265411,"GER",8.16440049443758,5.83150984682713,6.52739090064995,3.72013126858784,5.80412979351032,4.10013289715804
2025,4,"Novak Djokovic",4820,5.17756371086589,"SRB",8.33745364647713,6.95842450765864,7.55803156917363,6.45265802697699,6.37335114376357,5.44823202598992
2025,5,"Felix Auger Aliassime",4190,4.96243844577837,"CAN",8.01606922126082,4.40919037199125,7.97121634168988,5.03438243850833,4.41208319330869,5.3821496544125
2025,6,"Taylor Fritz",4085,4.92658423493045,"USA",8.51050679851669,5.12035010940919,7.0380687093779,6.71427607837847,7.2133626821197,5.62522035491832
2025,7,"Alex De Minaur",4080,4.92487689155674,"AUS",6.98393077873919,7.5492341356674,6.55988857938719,5.10213936130162,5.10616811501767,5.4499216823002
2025,8,"Lorenzo Musetti",3990,4.89414471082995,"ITA",7.36093943139679,6.32385120350109,6.23491179201486,6.27504994853787,6.80779686505871,6.09090073247724
2025,9,"Ben Shelton",3960,4.88390065058769,"USA",7.95426452410383,4.49671772428884,7.40947075208914,5.50100124683568,3.94934550147493,4.34565453980099
2025,10,"Jack Draper",2990,4.55267603608785,"GBR",7.79975278121137,6.46608315098468,7.7669452181987,6.51205465529897,7.10580508710414,4.47761194029851
